26201001    13
26201002    20
26201003    20
26201004    6
26201005    6
26201006    11
26201007    0
26201008    25
26201009    56
26201010    63
26201011    26
26201012    42
26201013    28
26201014    66
26201015    28
26201016    101
26201017    43
26201018    32
26201019    14
26201020    34
26201021    20
26201022    43
26201023    19
26201024    14
26201025    22
26201026    8
26201027    7
26201028    85
26201029    26
26201030    123
26201031    132
26201032    79
26201033    131
26201034    84
26201035    39
26201036    58
26201037    72
26201038    64
26201039    43
26201040    17
26201041    87
26201042    36
26201043    17
26201044    65
26201045    41
26201046    77
26201047    78
26201048    91
26201049    38
26201050    161
26201054    14
26201055    10
26201056    9
26201057    14
26201058    8
26201082    185
26201083    40
26201084    38
26201085    9
26201086    10
26201087    6
26201088    9
26201089    2
26201090    31
26201091    74
26201092    33
26201093    1
26201094    12
26201095    33
26201096    30
26201097    18
26201098    40
26201099    17
26201100    19
26201101    5
26201102    2
26201103    36
26201104    8
26201105    26
26201106    5
26201107    24
26201108    11
26201109    15
26201110    21
26201113    24
26201114    30
26201115    65
26201116    11
26201117    10
26201118    20
26201119    26
26201120    21
26201130    1
26201131    12
26201139    0
26201140    3
26201141    2
26201142    10
26201143    5
26201156    34
26201157    32
26201158    30
26201164    6
26201165    19
26201166    1
26201167    6
26201168    0
26201169    20
26201170    15
26201183    2
26201184    27
26201185    0
26201186    27
26202001    15
26202002    11
26202003    22
26202004    10
26202005    7
26202006    7
26202007    28
26202008    3
26202009    9
26202010    10
26202011    15
26202012    25
26202013    26
26202014    3
26202015    19
26202016    2
26202017    6
26202018    8
26202019    2
26202020    43
26202021    12
26202022    5
26202023    7
26202024    17
26202025    27
26202026    34
26202027    4
26202029    15
26202030    0
26202031    1
26202032    4
26202033    7
26202034    15
26202035    5
26202036    1
26202037    0
26202038    2
26202039    15
26202040    0
26202041    2
26202042    2
26202043    29
26202044    24
26202045    5
26202046    10
26202047    16
26202048    11
26202049    21
26202050    8
26202051    6
26202052    1
26202053    2
26202054    3
26202055    36
26202056    7
26202057    1
26202058    12
26202059    22
26202060    6
26202061    2
26202062    1
26202063    4
26202064    2
26202065    8
26202066    1
26202067    3
26202068    4
26202073    8
26202074    2
26202075    2
26202076    5
26202077    5
26202078    10
26202079    6
26202080    1
26202081    3
26202082    2
26203001    13
26203002    7
26203003    28
26203004    6
26203005    24
26203006    13
26203007    14
26203008    35
26203009    6
26203010    15
26203011    14
26203012    6
26203013    3
26203014    3
26203015    3
26203016    12
26203017    10
26203018    40
26203019    7
26203020    10
26203021    3
26203022    19
26203023    9
26203024    2
26203025    4
26203026    10
26203027    12
26203028    51
26203029    11
26203030    2
26203031    11
26203032    12
26203033    36
26203034    19
26203035    9
26203036    52
26203037    10
26203038    5
26203039    4
26203040    7
26203041    3
26203042    0
26203043    15
26203044    5
26203045    10
26203046    1
26203047    8
26203048    6
26203049    27
26203050    6
26203051    1
26203052    6
26203053    0
26203054    10
26203055    1
26203056    4
26203057    3
26203058    1
26203059    5
26203060    13
26203061    2
26203062    0
26203063    4
26203064    0
26203065    2
26203066    0
26203067    2
26203068    4
26203069    11
26203070    7
26203071    5
26203072    5
26203073    6
26203074    16
26203075    65
26203076    0
26203077    19
26203078    3
26203079    12
26203080    17
26203081    124
26203082    12
26203083    7
26203084    3
26203085    3
26203086    4
26203087    0
26203088    29
26203089    2
26203092    65
26203093    17
26203094    10
26203095    54
26203096    5
26203097    9
26203098    14
26203099    12
26203100    8
26203101    8
26203102    10
26203103    9
26203104    20
26203105    15
26203106    2
26203107    1
26203108    7
26203109    6
26204001    22
26204002    9
26204003    9
26204004    2
26204005    6
26204006    22
26204007    9
26204008    23
26204009    5
26204010    15
26204013    18
26204014    15
26204015    32
26204016    112
26204017    29
26204018    7
26204019    35
26204020    10
26204021    28
26204022    2
26204024    44
26204025    1
26204026    175
26205001    11
26205002    17
26205003    10
26205004    4
26205005    7
26205006    2
26205007    9
26205008    48
26205009    1
26205010    8
26205013    6
26205014    10
26205015    13
26205016    8
26205017    14
26205018    13
26205019    34
26205020    4
26205021    2
26205022    14
26205023    2
26205024    1
26205025    8
26205026    6
26205027    9
26205028    7
26205029    4
26205030    15
26205031    11
26205032    4
26205034    7
26205035    10
26205036    1
26205037    8
26205038    3
26205039    10
26205040    7
26205041    1
26205042    3
26205046    23
26205047    4
26205048    9
26205049    28
26205050    7
26205051    12
26205066    38
26205067    22
26205068    2
26205069    6
26205070    3
26205071    0
26205072    0
26205073    10
26205074    0
26205075    6
26205076    7
26205077    0
26205078    1
26205079    5
26205080    1
26205081    3
26205082    8
26205083    1
26205084    0
26205085    1
26205086    11
26205087    4
26205088    1
26205089    1
26205090    6
26205091    0
26205092    28
26205093    10
26205094    16
26205095    1
26205096    6
26205097    0
26205098    0
26205099    16
26205100    1
26205101    1
26205102    1
26205103    9
26205104    1
26205105    0
26205106    0
26205107    4
26205108    27
26205109    16
26205110    4
26205111    4
26205112    2
26205113    1
26205114    0
26205115    3
26205116    0
26205117    20
26206001    0
26206002    14
26206003    3
26206006    12
26206007    120
26206017    8
26206018    3
26206019    1
26206020    13
26206021    5
26206022    30
26206023    15
26206024    5
26206025    85
26206026    4
26206027    3
26206062    2
26206063    13
26206064    5
26206065    13
26206066    4
26206067    2
26206068    3
26206069    9
26206071    36
26206072    5
26206073    0
26206074    5
26206075    0
26206076    0
26206077    4
26206078    3
26206079    7
26206080    1
26206081    2
26206082    1
26206083    1
26206084    1
26206085    3
26206086    7
26206087    16
26206088    5
26206089    0
26206090    5
26206091    0
26206092    2
26206093    3
26206094    11
26206095    4
26206096    1
26206097    0
26206098    3
26207001    48
26207002    15
26207003    21
26207004    6
26207005    4
26207006    2
26207007    0
26207008    6
26207009    19
26207010    6
26207011    12
26207012    4
26207013    28
26207014    0
26207015    4
26207016    5
26207017    1
26207018    9
26207019    5
26207020    0
26207021    0
26207022    0
26207023    1
26207024    10
26207025    0
26207026    1
26207027    2
26207028    3
26207029    1
26207030    3
26207031    5
26207032    0
26207033    9
26207034    4
26207035    0
26207036    1
26207037    7
26207038    90
26207039    8
26207041    1
26207042    0
26207043    1
26207044    0
26207045    2
26207046    0
26207047    29
26207048    6
26207049    2
26207050    0
26207051    0
26207052    7
26207053    0
26207054    1
26207055    4
26207056    1
26207057    25
26207058    61
26207059    5
26207060    0
26207061    14
26207062    12
26207063    5
26207064    1
26207065    4
26207066    3
26207067    4
26207068    62
26207069    3
26207070    3
26207071    0
26207072    1
26207073    8
26207074    15
26207075    0
26207076    1
26207077    8
26207078    1
26207079    4
26207080    1
26207081    2
26207082    4
26207083    6
26207084    2
26207085    2
26207086    6
26207087    1
26207088    1
26207089    2
26207090    11
26207091    5
26207092    0
26207093    0
26207094    2
26207095    5
26207096    0
26207097    2
26207098    1
26207099    1
26207100    1
26207101    0
26207102    0
26207103    3
26207104    1
26207105    2
26207106    1
26207107    5
26207108    9
26207109    3
26207110    5
26207112    26
26207113    21
26207114    4
26207115    3
26208001    6
26208002    22
26208003    25
26208004    8
26208005    29
26208006    1
26208007    9
26208008    24
26208009    9
26208010    7
26208011    26
26208012    14
26208013    1
26208014    16
26208015    7
26208016    11
26208017    10
26208018    5
26208019    12
26208020    17
26208021    4
26208024    1
26208025    12
26208026    1
26208027    2
26208028    13
26208029    6
26208030    2
26208031    10
26208032    0
26208033    17
26208036    31
26208037    0
26208038    2
26208039    0
26208040    22
26208041    24
26208042    12
26208043    6
26208044    6
26208045    10
26208046    6
26208047    4
26208048    3
26208049    7
26208050    2
26208051    5
26208052    26
26208053    6
26208056    0
26208057    33
26208058    22
26208059    0
26208060    0
26208061    1
26208062    3
26208063    0
26208064    10
26208065    4
26208066    10
26208067    9
26208068    7
26208069    17
26208071    9
26208072    23
26208073    51
26208074    5
26208075    5
26208078    12
26208079    4
26208080    9
26208081    7
26209001    2
26209002    9
26209003    7
26209004    19
26209005    5
26209006    7
26209007    2
26209008    2
26209009    0
26209010    1
26209011    6
26209012    6
26209013    4
26209015    6
26209016    4
26209017    10
26209018    15
26209019    0
26209021    0
26209022    2
26209023    6
26209024    4
26209025    2
26209026    5
26209027    10
26209028    0
26209029    1
26209030    0
26209031    1
26209032    2
26209033    2
26209034    6
26209035    1
26209036    4
26209057    1
26209058    6
26209059    0
26209060    4
26209061    0
26209062    2
26209063    5
26209064    18
26209065    6
26209066    5
26209068    7
26209069    13
26209070    4
26209071    9
26209072    6
26209073    0
26209074    3
26209075    13
26209076    0
26209077    1
26209078    1
26209079    5
26209080    5
26209081    9
26209082    2
26209083    3
26209084    1
26209085    15
26209086    7
26209097    3
26209098    0
26209099    0
26209100    0
26209101    14
26209102    5
26209103    1
26209104    4
26209105    5
26209106    4
26209107    3
26209108    0
26209109    1
26209110    1
26209111    0
26209112    0
26209113    5
26209114    0
26209115    0
26209116    0
26209117    12
26209118    0
26209119    0
26209120    1
26209121    0
26209122    6
26209123    6
26209124    15
26209136    16
26209137    4
26209138    20
26209139    6
26209140    1
26209141    3
26209142    0
26209143    2
26209144    2
26209145    1
26209146    4
26209147    1
26209148    2
26209149    1
26209150    0
26209151    4
26209152    3
26209153    5
26209154    0
26209155    2
26209156    0
26209157    0
26209158    1
26209159    2
26209160    2
26209161    0
26209162    5
26209163    0
26209164    1
26209165    48
26210005    7
26210013    0
26210014    4
26210015    4
26210018    3
26210019    9
26210020    1
26210021    2
26210022    2
26210023    2
26210024    3
26210027    8
26210028    10
26210029    14
26210030    20
26210034    3
26211001    40
26211002    33
26211003    1
26211004    14
26211005    7
26211006    23
26211007    13
26211008    0
26211009    8
26211010    2
26211011    23
26211012    12
26211013    7
26211014    6
26211015    2
26211016    6
26211017    10
26211018    36
26211019    222
26211020    10
26211048    9
26211049    38
26211050    0
26211051    12
26211052    5
26211053    6
26211054    4
26211055    17
26211056    3
26211057    1
26211058    8
26211059    0
26211060    4
26211061    2
26211062    0
26211063    3
26211081    10
26211082    18
26211083    15
26211084    1
26211085    13
26211086    12
26211087    2
26211088    1
26211089    32
26211090    2
26211091    0
26211092    23
26211093    10
26211094    11
26211095    3
26211096    2
26211097    1
26211098    0
26211099    2
26211100    1
26211101    18
26211102    0
26211103    1
26211104    0
26211105    5
26211106    5
26211107    1
26211108    13
26211109    0
26211112    1
26211113    39
26211114    4
26211115    3
26211116    1
26211117    0
26211118    2
26211119    0
26211120    6
26211121    1
26211122    0
26211123    0
26211124    10
26211125    2
26211126    1
26211127    8
26211128    6
26211166    8
26211167    5
26211168    6
26211173    3
26211174    4
26211175    7
26211176    4
26211177    11
26211178    17
26211179    5
26211180    2
26211181    23
26211182    5
26211183    3
26211184    24
26211185    4
26211186    2
26211187    3
26211188    0
26211189    0
26211190    4
26211191    0
26211192    3
26211193    9
26211194    9
26211195    16
26211196    3
26211197    5
26211198    6
26211199    3
26211200    1
26211201    1
26211220    3
26211221    3
26211222    4
26211223    1
26211224    4
26211225    0
26211226    2
26211227    2
26211228    6
26211229    0
26211230    4
26211231    6
26211232    11
26212001    6
26212002    12
26212003    2
26212004    0
26212005    0
26212006    0
26212007    8
26212008    1
26212009    7
26212010    7
26212011    9
26212012    7
26212013    6
26212014    11
26212015    110
26212016    9
26212017    2
26212018    1
26212019    8
26212020    9
26212021    4
26212022    1
26212023    3
26212024    6
26212025    6
26212026    18
26212027    2
26212028    0
26212032    3
26212033    5
26212034    1
26212035    0
26212036    1
26212037    0
26212038    1
26212039    2
26212040    1
26212041    10
26212042    3
26212043    1
26212044    1
26212045    12
26212046    2
26212047    7
26212048    0
26212049    1
26212050    0
26212051    1
26212052    3
26212053    0
26212054    5
26212055    12
26212056    6
26212057    0
26212058    3
26212059    1
26212060    23
26212061    4
26212062    1
26212063    0
26212067    71
26212068    22
26212069    4
26212070    2
26212072    1
26212073    3
26212074    6
26212075    4
26212076    1
26212077    1
26212078    19
26212079    12
26212080    1
26212081    12
26212082    4
26212083    0
26212084    3
26212085    5
26212086    2
26212087    5
26212088    5
26212089    1
26212090    6
26212093    0
26212094    1
26212095    1
26212096    4
26212097    0
26212098    0
26212099    6
26212100    5
26212102    7
26212103    8
26212104    3
26212105    2
26212106    4
26212107    30
26212108    5
26212109    1
26212110    0
26212114    2
26212115    2
26212116    19
26212117    1
26212118    1
26212119    6
26212120    0
26212121    0
26212122    6
26212123    10
26212124    0
26212125    0
26212126    3
26212127    2
26212128    4
26212129    2
26212130    5
26212131    3
26212135    20
26212136    2
26212137    7
26212138    1
26212139    2
26212140    4
26212141    1
26212142    1
26212143    4
26212144    15
26212145    3
26212146    0
26212147    0
26212148    2
26212149    2
26212150    0
26212151    0
26212156    0
26212157    0
26212158    2
26212159    3
26212160    0
26212161    1
26212162    0
26212163    0
26212164    4
26212165    0
26212166    2
26212167    0
26212168    5
26212169    0
26212170    1
26212171    8
26212172    0
26212173    2
26212174    1
26213001    5
26213002    3
26213003    8
26213004    2
26213005    3
26213006    7
26213007    6
26213008    12
26213009    6
26213010    9
26213011    5
26213012    14
26213013    44
26213014    13
26213015    44
26213016    67
26213017    30
26213018    26
26213019    11
26213020    11
26213021    12
26213022    11
26213023    6
26213024    27
26213025    6
26213026    2
26213027    12
26213028    4
26213029    1
26213030    13
26213031    0
26213032    0
26213033    5
26213034    17
26213035    56
26213036    14
26213037    2
26213038    11
26213039    12
26213040    16
26213041    3
26213042    18
26213059    22
26213060    12
26213061    4
26213062    5
26213063    2
26213064    6
26213065    11
26213071    41
26213072    39
26213073    7
26213074    6
26213075    6
26213076    7
26213077    12
26213078    7
26213089    0
26213090    2
26213091    36
26213092    14
26213093    18
26213094    3
26213095    11
26213096    1
26213097    0
26213098    1
26213099    0
26213100    11
26213101    2
26213102    16
26213103    9
26213104    2
26213105    2
26213106    14
26213107    14
26213108    2
26213109    2
26213110    3
26213111    13
26213112    12
26213113    19
26213114    29
26213115    0
26213116    1
26213117    5
26213118    3
26213119    3
26213120    0
26213135    3
26213136    7
26213137    23
26213138    9
26213139    30
26213140    7
26213141    11
26213142    6
26213143    24
26213144    60
26213145    5
26214001    0
26214002    3
26214003    1
26214004    11
26214005    19
26214006    7
26214007    17
26214008    10
26214009    4
26214010    4
26214011    1
26214012    8
26214013    0
26214014    0
26214015    4
26214016    1
26214017    0
26214018    2
26214019    6
26214020    10
26214021    1
26214022    3
26214023    0
26214024    1
26214025    1
26214026    2
26214027    0
26214028    2
26214029    3
26214030    2
26214031    0
26214032    3
26214033    8
26214034    6
26214035    9
26214036    1
26214037    3
26214038    11
26214039    6
26214040    1
26214041    1
26214042    0
26214043    9
26214044    10
26214045    10
26214046    5
26214047    4
26214048    4
26214049    5
26214050    0
26214051    13
26214052    8
26214053    5
26214054    4
26214055    9
26214056    2
26214057    7
26214058    2
26214061    2
26214062    0
26214063    14
26214064    6
26214065    3
26214066    9
26214067    10
26214068    0
26214069    6
26214070    3
26214071    7
26214072    1
26214073    0
26214074    2
26214075    6
26214076    1
26214077    3
26214078    0
26214079    5
26214080    7
26214081    13
26214082    18
26214083    0
26214084    6
26214085    0
26214086    5
26214087    16
26214108    11
26214109    18
26214110    11
26214111    2
26214112    2
26214113    6
26214114    6
26214115    4
26214116    0
26214117    3
26214118    2
26214119    2
26214120    1
26214121    4
26214122    0
26214123    4
26214124    1
26214125    1
26214126    2
26214128    41
26214129    6
26214130    1
26214131    0
26214132    0
26214133    1
26214134    5
26214135    1
26214136    4
26214137    1
26214138    5
26214139    108
26214140    4
26214141    10
26214142    8
26214143    10
26214144    3
26214145    0
26214146    3
26214147    1
26214148    0
26214149    3
26214150    0
26214151    17
26214152    4
26214153    6
26214154    4
26214155    2
26214156    1
26214157    42
26214158    2
26215001    62
26215002    31
26215003    24
26215004    51
26215005    2
26215006    3
26215007    19
26215008    73
26215009    35
26215010    24
26215011    14
26215012    6
26215013    21
26215014    9
26215015    17
26215016    6
26215017    27
26215018    13
26215019    25
26215020    74
26215026    45
26215027    16
26215028    36
26215029    54
26215030    31
26215031    64
26215032    10
26215033    10
26215034    3
26215035    9
26215036    10
26215037    5
26215038    5
26215039    6
26215040    5
26215041    18
26215042    9
26215043    7
26215045    17
26215046    27
26215047    33
26215048    14
26215049    12
26215050    9
26215051    12
26215052    10
26215053    6
26215054    4
26215061    67
26215062    4
26215063    11
26215064    7
26215065    5
26215066    2
26215067    33
26215068    8
26215069    3
26215070    3
26215071    13
26215072    2
26215073    10
26215074    5
26215075    4
26215076    5
26215077    6
26215078    12
26215079    2
26215080    8
26215081    2
26215083    6
26215084    1
26215085    15
26215086    42
26215087    5
26215088    2
26215089    8
26215090    3
26215091    9
26215092    3
26215093    5
26215094    34
26215095    3
26215096    6
26215097    90
26215098    3
26215099    6
26215100    0
26215101    1
26215102    1
26215103    5
26215106    17
26215107    2
26215108    1
26215109    16
26215110    11
26215111    3
26215112    1
26215113    6
26215114    4
26215115    2
26215116    2
26215117    7
26215118    16
26215119    2
26215120    5
26215121    0
26215122    0
26215123    6
26215130    37
26215131    7
26215132    15
26215133    7
26215134    13
26215135    10
26215136    3
26215137    20
26215138    3
26215139    11
26215140    10
26215141    37
26215142    3
26215143    23
26215144    3
26215145    16
26215146    4
26215147    9
26215148    1
26215151    1
26215152    2
26215153    4
26215154    7
26215155    2
26215156    0
26215157    4
26215158    5
26215159    2
26215160    2
26215171    3
26215172    4
26215173    33
26215174    12
26215175    5
26215176    6
26215177    30
26215178    2
26215179    18
26215180    5
26215183    8
26215184    22
26215185    18
26215186    0
26215187    4
26215188    2
26215189    2
26215190    3
26216001    20
26216002    3
26216003    9
26216004    1
26216005    21
26216006    8
26216007    11
26216008    5
26216009    1
26216010    4
26216011    0
26216012    3
26216013    3
26216014    5
26216015    0
26216016    0
26216017    3
26216018    0
26216019    2
26216020    0
26216021    3
26216022    7
26216023    9
26216024    1
26216025    10
26216026    4
26216027    5
26216028    1
26216029    45
26216030    4
26216031    5
26216032    0
26216033    4
26216034    4
26216035    3
26216036    2
26216037    5
26216038    15
26216039    2
26216040    5
26216041    13
26216042    3
26216043    4
26216044    10
26216045    3
26216046    6
26216047    3
26216048    1
26216049    14
26216050    16
26216051    23
26216052    3
26216053    3
26216064    1
26216065    6
26216066    6
26216067    1
26216068    0
26216069    6
26216070    1
26216071    2
26216072    6
26216073    7
26216074    4
26216075    3
26216076    6
26216077    5
26216078    2
26216079    1
26216080    2
26216081    0
26216082    1
26216083    3
26216084    7
26216085    1
26216086    0
26216087    1
26216088    0
26216089    0
26216090    0
26216091    0
26216092    5
26216093    4
26216094    0
26216095    2
26216099    2
26216100    2
26216101    0
26216102    1
26216103    0
26216104    1
26216105    3
26216106    1
26216107    0
26216108    0
26216109    9
26216110    0
26216111    0
26216112    6
26216113    0
26216114    0
26216115    0
26216120    1
26216121    2
26216122    0
26216123    5
26216124    2
26216125    6
26216126    3
26216127    2
26216128    1
26216129    5
26216130    3
26216131    1
26216132    19
26216133    3
26216134    1
26216135    1
26216136    0
26216137    3
26216138    2
26216139    1
26216140    0
26216141    0
26216142    0
26216143    1
26216144    2
26216145    1
26216150    2
26216151    1
26216152    0
26216153    1
26216154    3
26216155    1
26216156    0
26216157    0
26216158    1
26216161    8
26216162    4
26216163    1
26216164    9
26216165    0
26216166    9
26216167    1
26216168    0
26216169    1
26216170    1
26216171    3
26216173    0
26216174    1
26216175    4
26216176    3
26216177    0
26216178    3
26216179    3
26216180    0
26216181    1
26216182    1
26216183    0
26216187    2
26216188    3
26216189    1
26216190    4
26216191    3
26216192    0
26216193    4
26216194    0
26216195    0
26216196    4
26216197    0
26216198    0
26216199    1
26216200    1
26216201    0
26216202    0
26216203    0
26216204    4
26216205    3
26216206    0
26216207    0
26216208    0
26216209    8
26216210    7
26216211    6
26216212    6
26216213    2
26217001    5
26217002    6
26217003    7
26217004    12
26217005    5
26217006    6
26217007    1
26217008    0
26217009    1
26217010    0
26217011    6
26217012    38
26217013    0
26217014    8
26217015    4
26217027    97
26217028    3
26217029    16
26217030    3
26217034    11
26217035    9
26217036    15
26217037    37
26217038    4
26217039    1
26217040    0
26217041    33
26217042    20
26217045    5
26217047    21
26217048    33
26217049    6
26217050    18
26217051    6
26217052    11
26217053    25
26217061    2
26217062    0
26217063    8
26217064    18
26217065    22
26217066    12
26217067    2
26217069    7
26217070    2
26217071    5
26217072    21
26217074    9
26217075    5
26217076    152
26218001    33
26218002    19
26218003    13
26218004    16
26218005    3
26218006    0
26218007    0
26218008    13
26218009    9
26218010    11
26218011    1
26218012    5
26218013    2
26218014    7
26218015    5
26218016    14
26218017    5
26218018    2
26218024    39
26218025    1
26218026    0
26218027    2
26218028    3
26218029    7
26218030    8
26218031    1
26218032    6
26218033    2
26218034    2
26218035    4
26218036    5
26218037    4
26218038    5
26218039    1
26218040    2
26218041    0
26218042    2
26218043    4
26218044    1
26218046    1
26218047    27
26218048    6
26218049    22
26218050    20
26218055    0
26218056    37
26218057    8
26218058    3
26218059    2
26218060    1
26218061    6
26218062    0
26218063    30
26218064    9
26218065    9
26218066    2
26218067    5
26218068    4
26218069    37
26218070    2
26218071    1
26218072    1
26218073    33
26218074    2
26218075    1
26218076    8
26218077    15
26218078    14
26218086    1
26218087    1
26218088    2
26218089    0
26218090    9
26218091    4
26218092    13
26218093    3
26218100    17
26218101    21
26218102    26
26218103    6
26218104    31
26218105    3
26218106    16
26218107    1
26218108    16
26218109    28
26218110    34
26218111    23
26218112    41
26218113    17
26218114    10
26218115    26
26218116    31
26218117    26
26218118    82
26218119    24
26218120    43
26218121    3
26218122    6
26218123    3
26218124    6
26218125    5
26218126    6
26218127    4
26218128    3
26218129    143
26218130    39
26218131    30
26218132    41
26218133    25
26218134    12
26218135    14
26218136    53
26218141    3
26218142    2
26218143    3
26218144    1
26218146    0
26218147    6
26218148    12
26218149    1
26218150    1
26218151    0
26218152    20
26218153    23
26218154    30
26218155    97
26218161    18
26218162    3
26218163    29
26218164    18
26218165    16
26218166    0
26218167    115
26218168    33
26218169    11
26218170    20
26218173    16
26218174    26
26218175    0
26218176    11
26218177    5
26218178    1
26218179    4
26218180    4
26218181    0
26218182    1
26218183    1
26218184    0
26218185    0
26218186    3
26218187    1
26218188    0
26218189    1
26218190    0
26218191    1
26219001    10
26219002    43
26219003    11
26219004    15
26219005    3
26219006    0
26219007    21
26219008    3
26219009    57
26219010    6
26219011    0
26219012    63
26219013    56
26219014    19
26219015    2
26219016    2
26219017    1
26219018    3
26219019    6
26219020    15
26219021    10
26219022    18
26219023    9
26219024    9
26219025    3
26219026    6
26219027    4
26219028    5
26219029    7
26219030    6
26219031    25
26219032    4
26219033    4
26219034    1
26219035    16
26219036    1
26219037    1
26219038    8
26219039    8
26219040    6
26219041    1
26219042    2
26219043    15
26219044    0
26219045    15
26219046    4
26219047    0
26219048    10
26219049    3
26219050    0
26219051    5
26219052    6
26219053    4
26219054    0
26219055    10
26219056    11
26219057    4
26219058    2
26219059    4
26219060    4
26219061    5
26219062    4
26219063    3
26219064    1
26219065    0
26219066    6
26219067    2
26219073    2
26219074    1
26219075    0
26219076    5
26219077    1
26219078    5
26219079    3
26219083    7
26219084    4
26219085    14
26219086    4
26219087    1
26219088    0
26219089    0
26219090    0
26219091    0
26219092    0
26219093    1
26219094    5
26219095    1
26219096    6
26219097    0
26219098    0
26219099    0
26219100    3
26219101    1
26219102    3
26219103    1
26219104    3
26219105    10
26219106    6
26219107    19
26219108    8
26219109    0
26219110    6
26219111    1
26219112    7
26219115    1
26219116    19
26219117    0
26219118    3
26219119    1
26219120    0
26219121    0
26219122    0
26219124    13
26219125    1
26219126    0
26219127    7
26219128    0
26219129    0
26219130    1
26219131    1
26219132    2
26219133    4
26219134    0
26219135    12
26219136    1
26219137    2
26219138    0
26219139    22
26219140    0
26219141    9
26219142    13
26219143    4
26219144    31
26219145    1
26219146    2
26219147    1
26219148    24
26219149    0
26219150    0
26219151    4
26219153    4
26219154    15
26219155    1
26219156    0
26219157    1
26219158    2
26219159    7
26219160    9
26219161    5
26219162    1
26219163    18
26219164    2
26219165    4
26219166    0
26219167    4
26219168    6
26219169    16
26219170    1
26219171    20
26219172    18
26219173    4
26219174    4
26219175    1
26219176    7
26219177    43
26219178    2
26219179    1
26219180    4
26219182    54
26219183    42
26219184    5
26219185    35
26219186    5
26219187    4
26219188    4
26219189    2
26219190    0
26219191    0
26219192    3
26219193    1
26219194    3
26219195    1
26219196    2
26219197    0
26219198    0
26219199    3
26219200    8
26219201    7
26219202    0
26219203    4
26219204    1
26219205    3
26219206    3
26219207    1
26219208    2
26219209    2
26219210    0
26219211    0
26219212    3
26219213    6
26219214    9
26219215    0
26219216    1
26219217    3
26219218    6
26219219    0
26219220    1
26219221    0
26219222    0
26219223    0
26219224    5
26219225    1
26219226    0
26219227    0
26219228    1
26219229    8
26219230    34
26219231    1
26219232    1
26219233    0
26219234    14
26219235    5
26219236    6
26219237    4
26219238    10
26219239    0
26219240    3
26219241    6
26219242    10
26219243    4
26219244    3
26219245    0
26219246    3
26219247    14
26219248    0
26219249    1
26219250    0
26219251    0
26219252    0
26219253    5
26219254    4
26219255    2
26219256    2
26219257    2
26219258    2
26219259    9
26219260    0
26219261    3
26219262    0
26219263    6
26219264    1
26219265    11
26219266    19
26219268    25
26219269    6
26219270    2
26219271    1
26219272    1
26219273    6
26219274    2
26219275    0
26219276    1
26219277    2
26219278    1
26219279    2
26219280    2
26219281    4
26219282    3
26219283    0
26219284    0
26219285    0
26219286    1
26219292    7
26219293    17
26219294    35
26219295    0
26219296    85
26220001    6
26220002    15
26220007    18
26220008    16
26220009    5
26220010    7
26220011    19
26220012    7
26220013    12
26220014    2
26220015    11
26220016    2
26220017    16
26220018    27
26220019    6
26220020    17
26220021    1
26220022    4
26220023    2
26220024    13
26220025    18
26220026    0
26220027    15
26220028    0
26220029    20
26220030    16
26220031    1
26220032    13
26220033    17
26220034    8
26220035    0
26220036    5
26220037    3
26220053    14
26220054    45
26220055    8
26220056    15
26220057    0
26220058    5
26220059    1
26220060    1
26220061    3
26220062    6
26220063    2
26220064    3
26220065    3
26220066    4
26220067    3
26220068    6
26220069    2
26220070    6
26220071    2
26220072    0
26220073    12
26220074    7
26220075    15
26220076    4
26220077    0
26220078    2
26220079    0
26220090    8
26220091    3
26220092    4
26220093    2
26220094    10
26220095    10
26220096    9
26220099    0
26220100    9
26220101    2
26220102    7
26220103    4
26220104    25
26220105    4
26220106    1
26220107    0
26220108    4
26220109    7
26220110    7
26220111    13
26220112    3
26220113    3
26220114    4
26220115    2
26220116    8
26220117    10
26220118    12
26220119    2
26220120    3
26223001    39
26223002    28
26223003    10
26223004    4
26223005    4
26223006    3
26223007    2
26223008    2
26223009    16
26223014    3
26223015    1
26223016    5
26223017    5
26223018    8
26223019    6
26223020    5
26223021    2
26223022    0
26223023    10
26223024    5
26223025    3
26223026    16
26223027    3
26223028    5
26223029    12
26223030    1
26223031    2
26223032    0
26223033    1
26223034    3
26223035    2
26223036    18
26223037    7
26223038    17
26223043    3
26223044    4
26223045    0
26223046    2
26223047    0
26223048    8
26223049    8
26223050    8
26223051    2
26223052    10
26223053    6
26223054    27
26223055    1
26223056    0
26223057    1
26223058    0
26223059    0
26223060    6
26223061    2
26223062    4
26301051    58
26301052    157
26301053    16
26301059    331
26301060    64
26301061    25
26301062    58
26301063    28
26301064    28
26301065    14
26301066    74
26301067    79
26301068    39
26301069    29
26301070    37
26301071    80
26301072    15
26301073    14
26301074    21
26301075    74
26301076    41
26301077    34
26301078    131
26301079    154
26301080    30
26301081    44
26301111    239
26301112    132
26301121    21
26301122    41
26301123    13
26301124    30
26301125    47
26301126    51
26301127    21
26301128    24
26301129    17
26301132    17
26301133    33
26301134    55
26301135    37
26301136    13
26301137    31
26301138    53
26301144    51
26301145    53
26301146    63
26301147    67
26301148    136
26301149    26
26301150    43
26301151    32
26301152    54
26301153    1
26301154    0
26301155    7
26301159    8
26301160    3
26301161    14
26301162    0
26301163    8
26301171    36
26301172    10
26301173    14
26301174    51
26301175    14
26301176    10
26301177    8
26301178    2
26301179    24
26301180    8
26301181    6
26301182    29
26301187    32
26301188    11
26301189    194
26301190    28
26301191    3
26301192    11
26301193    4
26301194    16
26302028    14
26302069    0
26302070    2
26302071    2
26302072    53
26303090    21
26303091    9
26304011    23
26304012    18
26304023    95
26305011    66
26305012    10
26305033    3
26305043    5
26305044    5
26305045    13
26305052    10
26305053    0
26305054    3
26305055    3
26305056    16
26305057    4
26305058    52
26305059    30
26305060    5
26305061    3
26305062    10
26305063    18
26305064    19
26305065    0
26305118    6
26305119    15
26305120    3
26305121    41
26305122    18
26305123    1
26305124    3
26305125    1
26305126    31
26305127    18
26306004    43
26306005    22
26306008    100
26306009    20
26306010    17
26306011    18
26306012    5
26306013    3
26306014    29
26306015    5
26306016    6
26306028    87
26306029    29
26306030    13
26306031    8
26306032    19
26306033    10
26306034    6
26306035    0
26306036    2
26306037    6
26306038    3
26306039    8
26306040    11
26306041    33
26306042    18
26306043    21
26306044    30
26306045    19
26306046    34
26306047    24
26306048    10
26306049    32
26306050    91
26306051    24
26306052    27
26306053    7
26306054    8
26306055    6
26306056    15
26306057    3
26306058    14
26306059    4
26306060    8
26306061    5
26306070    172
26306099    5
26306100    15
26306101    3
26306102    4
26306103    0
26306104    0
26306105    1
26306106    89
26306107    32
26306108    75
26307040    182
26307111    368
26308022    42
26308023    0
26308034    99
26308035    70
26308054    71
26308055    105
26308070    18
26308076    29
26308077    49
26308082    41
26308083    23
26309014    1
26309020    90
26309037    4
26309038    7
26309039    0
26309040    4
26309041    2
26309042    2
26309043    0
26309044    1
26309045    3
26309046    0
26309047    5
26309048    0
26309049    2
26309050    5
26309051    0
26309052    1
26309053    1
26309054    45
26309055    32
26309056    188
26309067    65
26309087    0
26309088    0
26309089    6
26309090    2
26309091    1
26309092    0
26309093    1
26309094    1
26309095    0
26309096    63
26309125    27
26309126    36
26309127    21
26309128    11
26309129    23
26309130    8
26309131    9
26309132    66
26309133    36
26309134    63
26309135    334
26309166    0
26309167    0
26309168    2
26309169    0
26309170    0
26309171    0
26309172    0
26309173    0
26309174    0
26309175    0
26309176    6
26309177    3
26309178    117
26310001    255
26310002    52
26310003    41
26310004    23
26310006    12
26310007    72
26310008    14
26310009    3
26310010    45
26310011    58
26310012    38
26310016    9
26310017    13
26310025    24
26310026    20
26310031    75
26310032    56
26310033    65
26310035    53
26310036    59
26311021    7
26311022    27
26311023    0
26311024    35
26311025    4
26311026    103
26311027    3
26311028    3
26311029    5
26311030    0
26311031    0
26311032    0
26311033    1
26311034    6
26311035    0
26311036    1
26311037    0
26311038    1
26311039    5
26311040    0
26311041    1
26311042    1
26311043    0
26311044    7
26311045    18
26311046    16
26311047    16
26311064    37
26311065    6
26311066    1
26311067    10
26311068    2
26311069    3
26311070    1
26311071    1
26311072    10
26311073    0
26311074    0
26311075    1
26311076    1
26311077    1
26311078    4
26311079    0
26311080    3
26311110    45
26311111    29
26311129    6
26311130    0
26311131    3
26311132    1
26311133    9
26311134    0
26311135    1
26311136    2
26311137    2
26311138    0
26311139    1
26311140    0
26311141    2
26311142    1
26311143    3
26311144    2
26311145    2
26311146    0
26311147    2
26311148    0
26311149    0
26311150    0
26311151    4
26311152    0
26311153    2
26311154    8
26311155    7
26311156    33
26311157    2
26311158    23
26311159    11
26311160    0
26311161    8
26311162    8
26311163    23
26311164    0
26311165    53
26311169    78
26311170    55
26311171    59
26311172    39
26311202    24
26311203    25
26311204    8
26311205    13
26311206    48
26311207    6
26311208    4
26311209    10
26311210    4
26311211    13
26311212    8
26311213    105
26311214    93
26311215    13
26311216    6
26311217    12
26311218    22
26311219    43
26311233    1
26311234    10
26311235    12
26311236    3
26311237    6
26311238    22
26311239    2
26311240    11
26311241    6
26311242    3
26311243    4
26311244    6
26311245    1
26311246    8
26312029    3
26312030    6
26312031    21
26312064    63
26312065    62
26312066    36
26312071    86
26312091    10
26312092    6
26312101    47
26312111    14
26312112    13
26312113    8
26312132    40
26312133    14
26312134    29
26312152    1
26312153    3
26312154    0
26312155    0
26312175    169
26313043    8
26313044    13
26313045    34
26313046    11
26313047    24
26313048    6
26313049    19
26313050    13
26313051    17
26313052    4
26313053    11
26313054    5
26313055    17
26313056    9
26313057    17
26313058    12
26313066    2
26313067    4
26313068    3
26313069    12
26313070    1
26313079    18
26313080    15
26313081    15
26313082    15
26313083    20
26313084    31
26313085    16
26313086    13
26313087    17
26313088    33
26313121    20
26313122    4
26313123    0
26313124    6
26313125    9
26313126    7
26313127    10
26313128    22
26313129    3
26313130    7
26313131    1
26313132    0
26313133    10
26313134    1
26314059    29
26314060    17
26314088    27
26314089    2
26314090    1
26314091    1
26314092    6
26314093    9
26314094    1
26314095    1
26314096    4
26314097    3
26314098    21
26314099    10
26314100    23
26314101    18
26314102    7
26314103    3
26314104    12
26314105    6
26314106    4
26314107    7
26314127    99
26314159    22
26314160    63
26315021    75
26315022    65
26315023    31
26315024    28
26315025    37
26315044    28
26315055    10
26315056    25
26315057    3
26315058    22
26315059    8
26315060    14
26315082    52
26315104    58
26315105    65
26315124    73
26315125    15
26315126    29
26315127    15
26315128    2
26315129    4
26315149    36
26315150    0
26315161    168
26315162    222
26315163    4
26315164    23
26315165    31
26315166    3
26315167    5
26315168    3
26315169    3
26315170    29
26315181    8
26315182    0
26316054    4
26316055    14
26316056    0
26316057    11
26316058    2
26316059    1
26316060    1
26316061    5
26316062    7
26316063    53
26316096    0
26316097    7
26316098    15
26316116    5
26316117    3
26316118    2
26316119    0
26316146    0
26316147    0
26316148    9
26316149    4
26316159    3
26316160    2
26316172    21
26316184    20
26316185    20
26316186    33
26316214    9
26316215    2
26316216    1
26316217    43
26316218    99
26316219    76
26316220    1
26316221    3
26317016    1
26317017    2
26317018    4
26317019    19
26317020    1
26317021    1
26317022    2
26317023    4
26317024    0
26317025    1
26317026    7
26317031    11
26317032    5
26317033    8
26317043    30
26317044    1
26317046    60
26317054    5
26317055    2
26317056    2
26317057    1
26317058    1
26317059    2
26317060    1
26317068    14
26317073    71
26318019    13
26318020    10
26318021    2
26318022    2
26318023    15
26318045    43
26318051    1
26318052    1
26318053    1
26318054    0
26318079    3
26318080    163
26318081    55
26318082    32
26318083    4
26318084    29
26318085    2
26318094    22
26318095    21
26318096    11
26318097    59
26318098    18
26318099    8
26318137    17
26318138    16
26318139    19
26318140    8
26318145    35
26318156    10
26318157    11
26318158    44
26318159    2
26318160    12
26318171    28
26318172    5
26319068    20
26319069    24
26319070    33
26319071    3
26319072    10
26319080    18
26319081    33
26319082    34
26319113    40
26319114    40
26319123    5
26319152    14
26319181    2
26319267    29
26319287    16
26319288    23
26319289    34
26319290    36
26319291    44
26320003    19
26320004    8
26320005    18
26320006    92
26320038    8
26320039    11
26320040    6
26320041    28
26320042    3
26320043    6
26320044    0
26320045    1
26320046    16
26320047    1
26320048    4
26320049    12
26320050    1
26320051    1
26320052    9
26320080    1
26320081    0
26320082    0
26320083    3
26320084    3
26320085    1
26320086    3
26320087    9
26320088    5
26320089    5
26320097    18
26320098    22
26320121    9
26320122    9
26320123    9
26320124    30
26320125    19
26323010    3
26323011    12
26323012    49
26323013    48
26323039    42
26323040    33
26323041    33
26323042    22
26323063    41
26323064    4
26323065    7
26323066    10
26323067    25
26323068    0
29100001    6
29100002    13
29100003    7
29100004    77
29100005    2
29100006    6
29100007    7
29100008    4
29100009    1
29100010    0
29100011    12
29100012    3
29100013    13
29100014    0
29100015    8
29100016    32
29100017    16
29100018    9
29100019    9
29100020    6
29100021    5
29100022    8
29100023    10
29100024    6
29100025    17
29100026    17
29100027    10
29100028    32
29100029    27
29100030    47
29100031    4
29100032    27
29100033    10
29100034    4
29100035    38
29100036    73
29100037    30
29100038    5
29100039    8
29100040    18
29100041    6
29100042    1
29100043    4
29100044    7
29100045    19
29100046    7
29100047    5
29100048    13
29100049    2
29100050    10
29100051    4
29100052    25
29100053    1
29100054    0
29100055    1
29100056    51
29100057    3
29100058    0
29100059    0
29100060    7
29100061    106
29100062    15
29100063    63
29100064    27
29100065    3
29100066    2
29100067    68
29100068    1
29100069    20
29100070    12
29100071    35
29100072    34
29100073    11
29100074    30
29100075    3
29100076    8
29100077    27
29100078    42
29100079    3
29100080    14
29100081    22
29100082    8
29100083    10
29100084    5
29100085    113
29100086    82
29100087    20
29100088    16
29100089    1
29100090    13
29100091    6
29100092    2
29100093    2
29100094    12
29100095    62
29100096    31
29100097    0
29100098    1
29100099    2
29100100    1
29100101    9
29100102    12
29100103    25
29100104    3
29100105    20
29100106    29
29100107    86
29100108    5
29100109    59
29100110    1
29100111    15
29100112    29
29100113    4
29100114    13
29100115    7
29100116    5
29100117    1
29100118    32
29100119    6
29100120    0
29100121    6
29100122    1
29100123    44
29100124    15
29100125    3
29100126    14
29100127    67
29100128    5
29100129    41
29100130    1
29100131    5
29100132    23
29100133    3
29100134    10
29100135    1
29100136    4
29100137    0
29100138    1
29100139    6
29100140    10
29100141    7
29100142    10
29100143    49
29100144    15
29100145    8
29100146    21
29100147    3
29100148    9
29100149    3
29100150    4
29100151    8
29100152    9
29100153    4
29100154    34
29100155    0
29100156    3
29100157    5
29100158    15
29100159    8
29100160    14
29100161    67
29100162    33
29100163    2
29100164    6
29100165    8
29100166    7
29100167    1
29100168    3
29100169    20
29100170    54
29100171    2
29100172    41
29100173    1
29100174    30
29100175    10
29100176    28
29100177    12
29100178    105
29100179    11
29100180    0
29100181    14
29100182    2
29100183    4
29100184    10
29100185    64
29100186    7
29100187    39
29100188    10
29100189    26
29100190    22
29100191    33
29100192    5
29100193    13
29100194    21
29100195    2
29100196    9
29100197    30
29100198    9
29100199    26
29100200    6
29100201    116
29100202    6
29100203    0
29100204    6
29100205    3
29100206    6
29100207    12
29100208    3
29100209    8
29100210    10
29100211    1
29100212    1
29100213    57
29100214    0
29100215    1
29100216    13
29100217    9
29100218    48
29100219    2
29100220    82
29100221    2
29100222    17
29100223    13
29100224    36
29100225    0
29100226    0
29100227    4
29100228    7
29100229    46
29100230    2
29100231    0
29100232    1
29100233    10
29100234    19
29100235    8
29100236    1
29100237    11
29100238    0
29100239    4
29100240    11
29100241    9
29100242    55
29100243    2
29100244    0
29100245    6
29100246    3
29100247    39
29100248    22
29100249    4
29100250    6
29100251    4
29100252    4
31100001    5
31100002    3
31100003    1
31100004    1
31100005    8
31100006    4
31100007    0
31100008    15
31100009    0
31100010    1
31100011    2
31100012    20
31100013    36
31100014    29
31100015    2
31100016    0
38100001    35
38100002    59
38100003    16
38100004    48
38100005    4
38100006    15
38100007    15
38100008    25
38100009    22
38100010    16
38100011    16
38100012    3
38100013    19
38100014    2
38100015    11
38100016    12
38100017    6
38100018    6
38100019    3
38100020    0
38100021    1
38100022    1
38100023    7
38100024    7
38100025    8
38100026    7
38100027    9
38100028    2
38100029    14
38100030    51
38100031    54
38100032    22
38100033    2
38100034    4
38100035    17
38100036    2
38100037    13
38100038    2
38100039    2
38100040    35
38100041    13
38100042    7
38100043    3
38100044    65
38100045    4
38100046    2
38100047    40
38100048    11
38100049    4
38100050    1
38100051    6
38100052    13
38100053    4
38100054    30
38100055    8
38100056    1
38100057    0
38100058    2
38100059    11
38100060    29
38100061    29
38100062    9
38100063    10
38100064    9
38100065    7
38100066    0
38100067    27
38100068    2
38100069    8
38100070    25
38100071    15
38100072    16
38100073    4
38100074    8
38100075    5
38100076    23
38100077    30
38100078    3
38100079    16
38100080    7
38100081    51
38100082    3
38100083    20
38100084    24
38100085    0
38100086    2
38100087    11
38100088    2
38100089    10
38100090    7
38100091    0
38100092    14
38100093    17
38100094    0
38100095    6
38100096    5
38100097    7
38100098    1
38100099    9
38100100    6
