21010001	12	0
21010002	14	5
21010003	5	1
21010004	28	9
21010005	4	0
21010006	8	0
21010007	5	4
21010008	4	1
21010009	1	0
21010010	20	0
21010011	0	0
21010012	10	0
21010013	8	0
21010014	5	0
21010015	12	6
21010016	54	34
21010017	6	0
21010018	3	0
21010019	12	0
21010020	3	0
21010021	3	0
21010022	0	0
21010023	2	0
21010024	3	0
21010025	16	0
21010026	6	4
21010027	4	2
21010028	5	1
21010029	1	0
21010030	9	0
21010031	2	0
21010032	3	0
21010033	2	0
21010034	2	0
21010035	11	0
21010036	8	4
21010037	0	0
21010038	5	4
21010039	0	0
21010040	0	0
21010041	1	0
21010042	1	0
21010043	2	0
21010044	4	0
21010045	6	0
21010046	1	0
21010047	5	0
21010048	6	0
21010049	3	0
21010050	1	0
21010051	0	0
21010052	1	0
21010053	0	0
21010054	2	1
21010055	1	1
21010056	2	0
21010057	1	0
21010058	7	0
21011001	1	0
21011002	4	0
21011003	7	0
21011004	8	0
21011005	4	0
21011006	0	0
21011007	3	0
21011008	4	0
21011009	4	0
21012001	3	3
21012002	6	3
21012003	1	1
21012004	2	2
21012005	5	4
21012006	3	0
21012007	6	1
21012008	2	2
21012009	2	1
21012010	6	2
21012011	4	3
21012012	2	1
21012013	9	5
21012014	11	8
21012015	0	0
21012016	7	1
21012017	11	6
21013001	0	0
21013002	0	0
21013003	3	0
21013004	3	0
21013005	8	0
21013006	0	0
21013007	0	0
21013008	2	0
21013009	11	0
21013010	5	0
21013011	4	0
21013012	0	0
21013013	1	0
21013014	2	0
21013015	1	0
21013016	0	0
21013017	6	0
21013018	2	0
21013019	0	0
21013020	1	0
21013021	3	0
21013022	2	0
21013023	2	0
21013024	1	0
21013025	4	0
21013026	4	0
21013027	5	0
21013028	4	0
21013029	1	0
21013030	2	0
21013031	2	0
21013032	0	0
21013033	3	0
21013034	3	0
21013035	1	0
21013036	1	0
21013037	0	0
21013038	0	0
21013039	6	0
21013040	53	0
21013041	23	0
21013042	7	0
21013043	10	0
21013044	0	0
21013045	0	0
21013046	0	0
21013047	2	0
21014001	0	0
21014002	16	3
21014003	2	0
21014004	22	1
21014005	12	2
21014006	0	0
21014007	3	0
21014008	0	0
21014009	2	0
21014010	4	0
21014011	1	0
21014012	5	1
21014013	7	1
21014014	1	0
21014015	1	0
21014016	3	0
21014017	14	3
21014018	85	17
21014019	19	2
21014020	6	1
21014021	9	0
21014022	2	0
21014023	2	0
21014024	3	0
21014025	1	0
21014026	20	2
21014027	3	1
21014028	3	1
21014029	8	3
21014030	4	0
21014031	2	0
21014032	6	1
21014033	2	0
21014034	6	0
21014035	1	0
21014036	3	0
21014037	8	0
21014038	3	1
21015001	2	2
21015002	0	0
21015003	2	2
21015004	2	2
21015005	9	6
21015006	16	15
21015007	0	0
21015008	1	1
21015009	17	16
21015010	0	0
21015011	0	0
21015012	0	0
21015013	1	1
21015014	3	3
21015015	4	4
21015016	22	20
21015017	0	0
21015018	0	0
21015019	1	0
21015020	20	15
21015021	3	2
21015022	0	0
21015023	26	21
21015024	1	1
21015025	10	9
21015026	1	1
21015027	0	0
21015028	3	3
21015029	0	0
21015030	8	6
21015031	1	1
21015032	19	17
21015033	2	2
21015034	8	7
21015035	1	1
21015036	3	1
21015037	1	1
21015038	0	0
21015039	4	3
21015040	0	0
21015041	0	0
21015042	7	6
21015043	1	1
21015044	1	1
21015045	4	3
21015046	0	0
21015047	7	5
21015048	1	1
21015049	1	1
21015050	3	0
21015051	4	4
21015052	1	1
21015053	22	19
21015054	2	2
21015055	0	0
21015056	2	2
21015057	1	1
21015058	1	1
21015059	26	19
21015060	1	1
21015061	4	4
21015062	4	4
21015063	6	3
21015064	0	0
21015065	3	3
21016001	1	0
21016002	1	0
21016003	1	1
21016004	2	0
21016005	0	0
21016006	0	0
21016007	4	2
21016008	3	2
21016009	2	0
21016010	30	17
21016011	1	0
21016012	0	0
21016013	0	0
21016014	3	2
21016015	1	1
21016016	1	0
21016017	3	1
21016018	0	0
21016019	1	0
21016020	0	0
21016021	3	2
21016022	1	0
21016023	2	1
21016024	0	0
21016025	2	0
21016026	4	2
21016027	0	0
21016028	1	1
21016029	3	0
21016030	2	0
21016031	3	1
21016032	3	2
21016033	0	0
21016034	0	0
21016035	0	0
21016036	5	0
21016037	0	0
21016038	3	0
21016039	1	0
21016040	5	0
21016041	0	0
21016042	5	1
21016043	0	0
21016044	1	0
21016045	4	3
21016046	0	0
21016047	0	0
21016048	2	2
21016049	2	2
21016050	2	0
21016051	12	3
21016052	2	1
21016053	1	0
21016054	0	0
21017001	1	0
21017002	9	0
21017003	1	0
21017004	1	0
21017005	1	0
21017006	0	0
21017007	0	0
21017008	0	0
21017009	0	0
21017010	0	0
21017011	1	0
21017012	1	0
21017013	4	0
21017014	1	0
21017015	0	0
21017016	3	0
21017017	4	0
21017018	1	0
21017019	0	0
21017020	1	0
21017021	0	0
21017022	2	0
21017023	2	0
21017024	0	0
21017025	17	0
21017026	6	0
21017027	9	0
21017028	5	0
21017029	11	0
21017030	17	0
21017031	22	0
21017032	0	0
21017033	0	0
21017034	0	0
21017035	1	0
21017036	6	0
21017037	0	0
21017038	4	0
21017039	11	0
21017040	2	0
21017041	4	0
21017042	7	0
21017043	4	0
21017044	6	0
21017045	1	0
21017046	2	0
21017047	26	0
21017048	2	0
21017049	6	0
21017050	8	0
21017051	2	0
21017052	6	0
21017053	1	0
21017054	0	0
21017055	10	0
21017056	12	0
21017057	4	0
21017058	1	0
21018001	2	0
21018002	0	0
21018003	1	0
21018004	3	0
21018005	1	0
21018006	1	0
21018007	24	16
21018008	3	1
21018009	12	9
21018010	13	5